3 3 3 3 3 3 3 3 3 3 3 3 3 3 3 3 3 3 3 3 3 3 3 3 3 3 3 3 3 3 3 3 3 3 3 3 3 3 3 3 3 3 3 3 3 3 3 3 3 3 3 3 3 3 3 3 3 3 3 3 3 3 3 3 3 3 3 3 3 3 3 3 3 3 3 3 3 3 3 3 3 3 3 3 3 3 3 3 3 3
3 3 3 3 3 3 3 3 3 3 3 3 3 3 3 3 3 3 3 3 3 3 3 3 3 3 3 3 3 3 3 3 3 3 3 3 3 3 3 3 3 3 3 3 3 3 3 3 3 3 3 3 3 3 3 3 3 3 3 3 3 3 3 3 3 3 3 3 3 3 3 3 3 3 3 3 3 3 3 3 3 3 3 3 3 3 3 3 3 3
3 3 3 3 3 3 3 3 3 3 3 3 3 3 3 3 3 3 3 3 3 3 3 3 3 3 3 3 3 3 3 3 3 3 3 3 3 3 3 3 3 3 3 3 3 3 3 3 3 3 3 3 3 3 3 3 3 3 3 3 3 3 3 3 3 3 3 3 3 3 3 3 3 3 3 3 3 3 3 3 3 3 3 3 3 3 3 3 3 3
3 3 3 3 3 3 3 3 3 3 3 3 1 1 1 1 3 3 3 3 3 3 3 3 3 3 3 3 3 3 3 3 3 3 3 3 3 3 3 3 3 3 3 3 3 3 3 3 3 3 3 3 3 3 3 3 3 3 3 3 3 3 3 3 3 3 3 3 3 3 3 3 3 3 3 3 3 3 3 3 3 3 3 3 3 3 3 3 3 3
3 3 3 3 3 3 3 3 3 3 3 3 1 1 1 1 3 3 3 3 3 3 3 3 3 3 3 3 3 3 3 3 3 3 3 3 3 3 3 3 1 1 1 1 1 1 1 1 1 1 1 3 3 3 3 3 3 3 3 3 3 3 3 3 0 0 0 0 0 0 0 0 0 0 1 1 3 3 3 3 3 3 3 3 3 3 3 3 3 3
3 3 3 3 3 3 3 3 3 3 1 1 1 1 1 1 3 3 1 1 1 1 1 1 1 1 1 1 1 3 3 3 3 3 3 3 3 3 3 3 1 1 1 1 1 1 1 1 1 1 1 1 1 3 3 3 3 3 3 3 3 3 3 3 0 0 0 0 0 0 0 0 0 0 1 1 3 3 3 3 3 3 3 3 3 3 3 3 3 3
3 3 3 3 3 3 3 1 1 1 1 1 1 1 1 1 1 1 1 1 1 1 1 1 1 1 1 1 1 3 3 3 3 3 1 1 1 1 1 1 1 1 1 1 1 1 1 1 1 1 1 1 1 1 1 3 3 3 3 3 3 3 3 3 0 0 0 0 0 0 0 0 0 0 1 1 3 3 3 3 3 3 3 3 3 3 3 3 3 3
3 3 3 3 3 3 3 1 1 1 1 1 1 1 1 1 1 1 1 1 1 1 1 1 1 1 1 1 1 1 3 3 3 1 1 1 1 1 1 1 1 1 1 1 1 1 1 1 1 1 1 1 1 1 1 1 1 3 3 3 3 3 3 3 0 0 0 0 0 0 0 0 0 0 1 1 1 1 1 3 3 3 3 3 3 3 3 3 3 3
3 3 3 3 3 3 1 1 1 1 1 1 1 1 1 1 1 1 1 1 1 1 1 1 1 1 1 1 1 1 1 3 3 3 3 1 1 1 1 1 1 1 1 1 1 1 1 1 1 1 1 1 1 1 1 1 1 3 3 3 3 3 3 3 0 0 0 0 0 0 0 0 0 0 1 1 1 1 6 6 6 6 6 6 6 6 3 3 3 3
3 3 3 3 3 3 1 1 1 1 1 1 1 1 1 1 1 1 1 1 1 1 1 1 1 1 1 1 1 1 1 1 1 3 3 1 1 1 1 1 1 1 1 1 1 1 1 1 1 1 1 1 1 1 1 1 1 1 3 3 3 3 3 3 0 0 0 0 0 0 0 0 0 0 1 1 1 1 6 6 6 6 6 6 6 6 3 3 3 3
3 3 3 3 3 3 1 1 1 1 1 1 1 1 1 1 1 1 1 1 1 1 1 1 1 1 1 1 1 1 1 1 1 3 1 1 1 1 1 1 1 1 1 1 1 1 1 1 1 1 1 1 1 1 1 1 1 1 3 3 3 3 3 3 0 0 0 0 0 0 0 0 0 0 1 1 1 1 6 6 6 6 6 6 6 6 3 3 3 3
3 3 3 3 3 3 1 1 1 1 1 1 1 1 1 1 1 1 1 1 1 1 1 1 1 1 1 1 1 1 1 1 1 1 1 1 1 1 1 1 1 1 1 1 1 1 1 1 1 1 1 1 1 1 1 1 1 1 3 3 3 3 3 3 0 0 0 0 0 0 0 0 0 0 1 1 1 1 6 6 6 6 6 6 6 6 3 3 3 3
3 3 3 3 3 3 1 1 1 1 1 1 1 1 1 1 1 1 1 1 1 1 1 1 1 1 1 1 1 1 1 1 1 1 1 1 1 1 1 1 1 1 1 1 1 1 1 1 1 1 1 1 1 1 1 1 1 1 3 3 3 3 3 0 0 0 0 0 0 0 0 0 0 16 1 1 1 1 6 6 6 6 6 6 6 6 3 3 3 3
3 3 3 3 3 3 1 1 1 1 1 1 1 1 1 1 1 1 1 1 1 1 1 1 3 3 1 1 1 1 1 1 1 1 1 1 1 1 1 1 1 1 1 1 1 1 1 1 1 1 1 1 1 1 1 1 1 1 3 3 3 3 3 0 0 0 0 0 0 0 0 0 0 16 1 1 1 1 6 6 6 6 6 6 6 6 3 3 3 3
3 3 3 3 3 3 1 1 1 1 1 1 1 1 1 1 1 1 1 1 1 1 1 3 3 3 1 1 1 1 1 1 1 1 1 1 1 1 1 1 1 1 1 1 1 1 1 1 1 1 1 1 1 1 1 1 1 1 3 3 3 17 17 0 0 0 0 0 0 0 0 0 0 16 16 1 1 1 6 6 6 6 6 6 6 6 3 3 3 3
3 3 3 3 3 3 1 1 1 1 1 3 3 1 1 1 1 1 1 1 1 1 3 3 3 3 3 3 1 1 1 1 1 1 1 1 1 1 1 1 3 3 1 1 1 1 1 1 1 1 1 1 1 1 1 1 3 3 3 3 3 17 17 0 0 0 0 0 0 0 0 0 0 16 16 1 1 1 6 6 6 6 6 6 6 6 3 3 3 3
3 3 3 3 3 3 1 1 1 1 3 3 3 3 3 3 3 3 3 3 1 1 3 3 3 3 3 3 3 1 1 1 1 1 1 3 3 3 3 3 3 3 1 1 1 1 1 1 1 1 1 1 1 3 3 3 3 3 3 3 3 17 17 0 0 0 0 0 0 0 0 0 0 16 16 1 1 1 6 6 6 6 6 6 6 6 3 3 3 3
3 3 3 3 3 3 1 1 1 3 3 3 3 3 3 3 3 3 3 3 3 3 3 3 3 3 3 3 1 3 3 3 3 3 3 3 3 3 3 3 3 3 1 1 1 1 1 1 1 1 1 1 1 3 3 3 3 3 3 3 3 17 17 0 0 0 0 0 0 0 0 0 0 16 16 1 1 1 6 6 6 6 6 6 6 6 3 3 3 3
3 3 3 3 3 3 3 3 3 3 3 3 3 3 3 3 3 3 3 3 3 3 3 3 3 3 3 3 3 3 3 3 3 3 3 3 3 3 3 3 3 3 1 1 1 1 1 1 1 1 1 1 1 1 3 3 3 3 3 3 3 17 17 0 0 0 0 0 0 0 0 0 0 16 16 1 1 1 1 1 1 1 8 9 1 1 3 3 3 3
3 3 3 3 3 3 3 3 3 3 3 3 3 3 3 3 3 3 3 3 3 3 3 3 3 3 3 3 3 3 3 3 3 3 3 3 3 3 3 3 3 3 1 1 1 1 1 1 1 1 1 1 1 1 3 1 1 1 1 1 17 17 17 0 0 0 0 0 0 0 0 0 0 16 16 1 1 1 1 1 1 1 8 9 1 1 3 3 3 3
3 3 3 3 3 3 3 3 3 3 3 3 3 3 3 3 3 3 3 3 3 3 3 3 3 3 3 3 3 3 3 3 3 3 3 3 3 3 3 3 3 3 1 1 3 3 3 3 3 3 3 3 3 3 3 1 1 1 1 1 17 17 17 0 0 0 0 0 0 0 0 0 0 16 16 1 1 1 1 1 1 1 8 9 1 1 3 3 3 3
3 3 3 3 3 3 3 3 3 3 3 3 3 3 3 3 3 3 3 3 3 3 3 3 3 3 3 3 3 3 3 3 3 3 3 3 3 3 3 3 3 3 8 9 3 3 3 3 3 3 3 3 3 1 1 1 1 1 1 1 17 17 17 0 0 0 0 0 0 0 0 0 0 16 16 1 1 1 1 1 1 1 8 9 1 1 3 3 3 3
3 3 3 3 3 3 3 3 3 1 1 1 3 3 3 3 3 3 3 3 3 3 3 3 3 3 3 3 3 3 3 3 3 3 3 3 3 3 3 3 3 3 8 9 3 3 3 3 3 3 3 1 1 1 1 1 1 1 1 1 17 17 17 0 0 0 0 0 0 0 0 0 0 16 16 16 1 1 1 1 1 1 8 9 1 1 3 3 3 3
3 3 3 3 3 3 3 1 1 1 1 1 1 1 3 3 3 3 3 3 3 3 3 3 3 3 3 3 3 3 3 3 3 3 3 3 3 3 3 3 3 3 8 9 3 3 3 3 1 1 1 1 1 1 1 1 1 1 1 1 1 17 17 0 0 0 0 0 0 0 0 0 0 16 16 16 1 1 1 1 1 1 8 9 1 1 3 3 3 3
3 3 3 3 3 3 3 1 1 1 1 1 1 1 3 3 3 3 3 3 3 3 3 3 3 3 3 3 3 3 3 3 3 3 3 3 3 3 3 3 3 3 8 9 3 3 1 1 1 1 1 1 1 1 1 1 1 1 1 1 1 17 17 0 0 0 0 0 0 0 0 0 0 16 16 16 1 1 1 1 1 1 8 9 1 1 3 3 3 3
3 3 3 3 3 3 1 1 1 1 1 1 1 1 1 3 3 3 3 3 3 3 3 3 3 3 3 3 3 3 3 3 3 3 3 3 3 3 3 3 3 3 8 9 3 3 1 1 1 1 1 1 1 1 1 1 1 1 1 1 1 17 17 0 0 0 0 0 0 0 0 0 0 16 16 16 1 1 1 1 1 1 8 9 1 1 3 3 3 3
3 3 3 3 3 3 1 1 1 1 1 1 1 1 1 3 3 3 3 3 3 3 3 3 3 3 3 3 3 3 3 3 3 3 3 3 3 3 3 3 3 3 8 9 3 1 1 1 1 1 1 1 1 1 1 1 1 1 1 1 1 17 17 17 0 0 0 0 0 0 0 0 0 0 16 16 1 1 1 1 1 1 8 9 1 1 3 3 3 3
3 3 3 3 3 3 1 1 1 1 1 1 1 1 1 3 3 3 3 3 3 3 3 3 3 3 3 3 3 3 3 3 3 3 3 3 3 3 3 3 3 3 8 9 1 1 1 1 1 1 1 1 1 1 1 1 1 1 1 1 17 17 17 17 0 0 0 0 0 0 0 0 0 0 16 16 1 1 1 1 1 1 8 9 1 1 3 3 3 3
3 3 3 3 3 3 1 1 1 1 1 1 1 1 1 1 1 3 3 3 3 3 3 3 3 3 3 3 3 3 3 3 3 3 3 3 3 3 3 3 3 1 8 9 1 1 1 1 1 1 1 1 1 1 1 1 1 1 1 1 17 17 17 17 0 0 0 0 0 0 0 0 0 0 16 16 1 1 1 1 1 1 8 9 1 1 3 3 3 3
3 3 3 3 3 3 1 1 1 1 1 1 1 1 1 1 1 1 3 3 3 3 3 3 3 3 3 3 3 3 3 3 3 3 3 3 3 3 1 1 1 1 8 9 1 1 1 1 1 1 1 1 1 1 1 1 1 1 1 1 17 17 17 17 0 0 0 0 0 0 0 0 0 0 16 16 1 1 1 1 1 1 8 9 1 1 3 3 3 3
3 3 3 3 3 3 1 1 1 1 1 1 1 1 1 1 1 1 1 1 1 1 1 1 1 1 1 1 1 1 1 1 1 1 1 1 1 1 1 1 1 1 8 9 1 1 1 1 1 1 1 1 1 1 1 1 1 1 1 1 17 17 17 17 0 0 0 0 0 0 0 0 0 0 16 16 1 1 1 1 1 1 8 9 1 1 3 3 3 3
3 3 3 3 3 3 1 1 1 1 1 1 1 1 1 1 1 1 1 1 1 1 1 1 1 1 1 1 1 1 1 1 1 1 1 1 1 1 1 1 1 1 8 9 1 1 1 1 1 1 1 1 1 1 1 1 1 1 1 1 1 17 17 17 0 0 0 0 0 0 0 0 0 0 16 16 1 1 1 1 1 1 8 9 1 1 3 3 3 3
3 3 3 3 3 3 1 1 1 1 1 1 1 1 1 1 1 1 1 1 1 1 1 1 1 1 1 1 1 1 1 1 1 1 1 1 1 1 1 1 1 1 8 9 1 1 1 1 1 1 1 1 1 1 1 1 1 1 1 1 1 17 17 17 0 0 0 0 0 0 0 0 0 0 16 16 1 1 1 1 1 1 8 9 1 1 3 3 3 3
3 3 3 3 3 3 1 1 1 1 1 1 1 1 1 1 1 1 1 1 1 1 1 1 1 1 1 1 1 1 1 1 1 1 1 1 1 1 1 1 1 1 8 9 1 1 1 1 1 1 1 1 1 1 1 1 1 1 1 1 1 17 17 17 0 0 0 0 0 0 0 0 0 0 16 16 1 1 1 1 1 1 8 9 1 1 3 3 3 3
3 3 3 3 3 3 1 1 1 1 1 1 1 1 1 1 1 1 1 1 1 1 1 1 1 1 1 1 1 1 1 1 1 1 1 1 1 1 1 1 1 1 8 9 1 1 1 1 1 1 1 1 1 1 1 1 1 1 1 1 1 1 17 17 0 0 0 0 0 0 0 0 0 0 16 16 1 1 1 1 1 1 8 9 1 1 3 3 3 3
3 3 3 3 3 3 1 1 1 1 1 1 1 1 1 1 1 1 1 1 1 1 1 1 1 1 1 1 1 1 1 1 1 1 1 1 1 1 1 1 1 1 8 9 1 1 1 1 1 1 1 1 1 1 1 1 1 1 1 1 1 1 17 17 0 0 0 0 0 0 0 0 0 0 16 16 1 1 1 1 1 1 8 9 1 1 3 3 3 3
3 3 3 3 3 3 1 1 1 1 1 1 1 1 1 1 1 1 1 1 1 1 1 1 1 1 1 1 1 1 1 1 1 1 1 1 1 1 1 1 1 1 8 9 1 1 1 1 1 1 1 1 1 1 1 1 1 1 1 1 1 1 17 17 0 0 0 0 0 0 0 0 0 0 16 16 1 1 1 1 1 1 8 9 1 1 3 3 3 3
3 3 3 3 3 3 1 1 1 1 1 1 1 1 1 1 1 1 1 1 1 1 1 1 1 1 1 1 1 1 1 1 1 1 1 1 1 1 1 1 1 1 8 9 1 1 1 1 1 1 1 1 1 1 1 1 1 1 1 1 1 1 17 17 0 0 0 0 0 0 0 0 0 0 16 16 1 1 1 1 1 1 8 9 1 1 3 3 3 3
3 3 3 3 3 3 1 1 1 1 1 1 1 1 1 1 1 1 1 1 1 1 1 1 1 1 1 1 1 1 1 1 1 1 1 1 1 1 1 1 1 1 8 9 1 1 1 1 1 1 1 1 1 1 1 1 1 1 1 1 1 17 17 17 0 0 0 0 0 0 0 0 0 0 16 16 1 1 1 1 1 1 8 9 1 1 3 3 3 3
3 3 3 3 3 3 3 1 1 1 1 1 1 1 1 1 1 1 1 1 1 1 1 1 1 1 1 1 1 1 1 1 1 1 1 1 1 1 1 1 1 1 8 9 1 1 1 1 1 1 1 1 1 1 1 1 1 1 1 1 1 17 17 17 0 0 0 0 0 0 0 0 0 0 16 16 1 1 1 1 1 1 8 9 1 1 3 3 3 3
3 3 3 3 3 3 3 1 1 1 1 1 1 1 1 1 1 1 1 1 1 1 1 1 1 1 1 1 1 1 1 1 1 1 1 1 1 1 1 1 1 1 8 9 1 1 1 1 1 1 1 1 1 1 1 1 1 1 1 1 1 17 17 17 0 0 0 0 0 0 0 0 0 0 16 16 1 1 1 1 1 1 8 9 1 1 3 3 3 3
3 3 3 3 3 3 3 1 1 1 1 1 1 1 1 1 1 1 1 1 1 1 1 6 6 6 6 6 6 6 6 6 6 1 1 1 1 1 1 1 1 1 8 9 1 1 1 1 1 1 1 1 1 1 1 1 1 1 1 1 1 17 17 17 0 0 0 0 0 0 0 0 0 0 16 16 1 1 1 1 1 1 8 9 1 1 3 3 3 3
3 3 3 3 3 3 3 1 1 1 1 1 1 1 1 1 1 1 1 1 1 1 1 6 6 6 6 6 6 6 6 6 6 1 1 1 1 1 1 1 1 1 8 9 1 1 1 1 1 1 1 1 1 1 1 1 1 1 1 1 1 17 17 17 0 0 0 0 0 0 0 0 0 0 16 16 1 1 1 1 1 1 8 9 1 1 3 3 3 3
3 3 3 3 3 3 3 1 1 1 1 1 1 1 1 1 1 1 1 1 1 1 1 6 6 6 6 6 6 6 6 6 6 1 1 1 1 1 1 1 1 1 8 9 1 1 1 1 1 1 1 1 1 1 1 1 1 1 1 1 1 19 19 19 19 19 19 19 19 19 19 19 19 19 19 19 19 1 1 1 1 1 8 9 1 1 3 3 3 3
3 3 3 3 3 3 3 1 1 1 1 1 1 1 1 1 1 1 1 1 1 1 1 6 6 6 6 6 6 6 6 6 6 1 1 1 1 1 1 1 1 10 7 14 4 4 4 4 4 4 4 4 4 4 4 4 4 4 4 4 4 18 18 18 18 18 18 18 18 18 18 18 18 18 18 18 18 4 4 4 4 4 15 9 1 1 3 3 3 3
3 3 3 3 3 3 3 1 1 1 1 1 1 1 1 1 1 1 1 1 1 1 1 6 6 6 6 6 6 6 6 6 6 1 1 1 1 1 1 1 1 8 11 5 5 5 5 5 5 5 5 5 5 5 5 5 5 5 5 5 5 18 18 18 18 18 18 18 18 18 18 18 18 18 18 18 18 5 5 5 5 5 12 9 1 3 3 3 3 3
3 3 3 3 3 3 3 1 1 1 1 1 1 1 1 1 1 1 1 1 1 1 1 6 6 6 6 6 6 6 6 6 6 1 1 1 1 1 1 1 1 8 9 1 1 1 1 1 1 1 1 1 1 1 1 1 1 1 1 1 1 19 19 19 19 19 19 19 19 19 19 19 19 19 19 19 19 1 1 1 1 1 8 9 1 3 3 3 3 3
3 3 3 3 3 3 3 6 6 6 6 6 6 6 6 6 6 6 1 1 1 1 1 6 6 6 6 6 6 6 6 6 6 1 1 1 1 1 1 1 1 8 9 1 1 1 1 1 1 1 1 1 1 1 1 1 1 1 1 1 1 17 17 17 0 0 0 0 0 0 0 0 0 0 16 16 1 1 1 1 1 1 8 9 1 1 3 3 3 3
3 3 3 3 3 3 3 6 6 6 6 6 6 6 6 6 6 6 1 1 1 1 1 1 1 1 8 9 1 1 1 1 1 1 1 1 1 1 1 1 1 8 9 1 1 1 1 1 1 1 1 1 1 1 1 1 1 1 1 1 1 1 17 17 0 0 0 0 0 0 0 0 0 0 16 16 1 1 1 1 1 1 8 9 1 1 3 3 3 3
3 3 3 3 3 3 3 6 6 6 6 6 6 6 6 6 6 6 1 1 1 1 1 1 1 1 8 9 1 1 1 1 1 1 1 1 1 1 1 1 1 8 9 1 1 1 1 1 1 1 1 1 1 1 1 1 1 1 1 1 1 1 17 17 0 0 0 0 0 0 0 0 0 0 16 16 1 1 1 1 1 1 8 9 1 1 3 3 3 3
3 3 3 3 3 3 3 6 6 6 6 6 6 6 6 6 6 6 4 4 4 4 4 4 4 4 15 14 4 4 4 4 4 4 4 4 4 4 4 4 4 7 9 1 1 1 1 1 1 1 1 1 1 1 1 1 1 1 1 1 1 17 17 17 0 0 0 0 0 0 0 0 0 0 16 20 21 22 1 1 1 1 8 9 1 1 3 3 3 3
3 3 3 3 3 3 3 6 6 6 6 6 6 6 6 6 6 6 5 5 5 5 5 5 12 13 5 5 5 5 5 5 5 5 5 5 5 5 5 5 5 5 2 1 1 1 1 1 1 1 1 1 1 1 1 1 1 1 1 1 1 17 17 17 0 0 0 0 0 0 0 0 0 0 16 23 24 25 1 1 1 1 8 9 1 1 3 3 3 3
3 3 3 3 3 3 3 6 6 6 6 6 6 6 6 6 6 6 1 1 1 1 1 1 8 9 1 1 1 1 1 1 1 1 1 1 1 1 1 1 1 1 1 1 1 1 1 1 1 1 1 1 1 1 1 1 1 1 1 1 1 1 17 17 0 0 0 0 0 0 0 0 0 0 16 16 1 1 1 1 1 1 8 9 1 1 3 3 3 3
3 3 3 3 3 3 3 6 6 6 6 6 6 6 6 6 6 6 1 1 1 1 1 1 8 9 1 1 1 1 1 1 1 1 1 1 1 1 1 1 1 1 1 1 1 1 1 1 1 1 1 1 1 1 1 1 1 1 1 1 1 1 17 17 0 0 0 0 0 0 0 0 0 0 16 16 1 1 1 1 1 1 8 9 1 1 3 3 3 3
3 3 3 3 3 3 3 6 6 6 6 6 6 6 6 6 6 6 1 1 1 1 1 1 26 27 1 1 1 1 1 1 1 1 1 1 1 1 1 1 1 1 1 1 1 1 1 1 1 1 1 1 1 1 1 1 1 1 1 1 1 1 17 17 0 0 0 0 0 0 0 0 0 0 16 16 1 1 1 1 1 1 8 9 1 1 3 3 3 3
3 3 3 3 3 3 3 1 1 1 1 1 1 1 1 1 1 1 1 1 1 1 1 1 28 29 1 1 1 1 1 1 1 1 1 1 1 1 1 1 1 1 1 1 1 1 1 1 1 1 1 1 1 1 1 1 1 1 1 1 1 1 1 17 0 0 0 0 0 0 0 0 0 0 16 16 1 1 3 3 3 3 1 1 3 3 3 3 3 3
3 3 3 3 3 3 3 1 1 1 1 1 1 1 1 1 1 1 1 1 1 1 1 1 1 1 1 1 1 1 1 1 1 1 1 1 1 1 1 1 1 1 1 1 1 1 1 1 1 1 1 1 1 1 1 1 1 1 1 1 1 1 1 17 0 0 0 0 0 0 0 0 0 0 16 16 1 1 3 3 3 3 8 9 3 3 3 3 3 3
3 3 3 3 3 3 3 1 1 1 1 1 1 1 1 1 1 1 1 1 1 1 1 1 1 1 1 1 1 1 1 1 1 1 1 1 1 1 1 1 1 1 1 1 1 1 1 1 1 1 1 1 1 1 1 1 1 1 1 1 1 1 1 1 0 0 0 0 0 0 0 0 0 0 16 16 1 1 3 3 3 3 8 9 3 3 3 3 3 3
3 3 3 3 3 3 3 1 1 1 1 1 1 1 1 1 1 1 1 1 1 1 1 1 1 1 1 1 1 1 1 1 1 1 1 1 1 1 1 1 1 1 1 1 1 1 1 1 1 1 1 1 1 1 1 1 1 1 1 1 1 1 1 1 0 0 0 0 0 0 0 0 0 0 16 16 1 1 3 3 3 3 8 9 3 3 3 3 3 3
3 3 3 3 3 3 3 1 1 1 1 1 1 1 1 1 1 1 1 1 1 1 1 1 1 1 1 1 1 1 1 1 1 1 1 1 1 1 1 1 1 1 1 1 1 1 1 1 1 1 1 1 1 1 1 1 1 1 1 1 1 1 1 1 0 0 0 0 0 0 0 0 0 0 16 16 1 1 3 3 3 3 8 9 3 3 3 3 3 3
3 3 3 3 3 3 3 1 1 1 1 1 1 1 1 1 1 1 1 1 1 1 1 1 1 1 1 1 1 1 1 1 1 1 1 1 1 1 1 1 1 1 1 1 1 1 1 1 1 1 1 1 1 1 1 1 1 1 1 1 1 1 1 1 0 0 0 0 0 0 0 0 0 0 16 16 1 1 3 3 3 3 8 9 3 3 3 3 3 3
3 3 3 3 3 3 3 1 1 1 1 1 1 1 1 1 1 1 1 1 1 1 1 1 1 1 1 1 1 1 1 1 1 1 1 1 1 1 1 1 1 1 1 1 1 1 1 1 1 1 1 1 1 1 1 1 1 1 1 1 1 1 1 1 0 0 0 0 0 0 0 0 0 0 16 16 16 1 3 3 3 3 8 9 3 3 3 3 3 3
3 3 3 3 3 3 3 1 1 1 1 1 1 1 1 1 1 1 1 1 1 1 1 1 1 1 1 1 1 1 1 1 1 1 1 1 1 1 1 1 1 1 1 1 1 1 1 1 1 1 1 1 1 1 1 1 1 1 1 1 1 1 1 1 0 0 0 0 0 0 0 0 0 0 16 16 16 1 3 3 3 3 4 4 3 3 3 3 3 3
3 3 3 3 3 3 1 1 1 1 1 1 1 1 1 1 1 1 1 1 1 1 1 1 1 1 1 1 1 1 1 1 1 1 1 1 1 1 1 1 1 1 1 1 1 1 1 1 1 1 1 1 1 1 1 1 1 1 1 1 1 1 1 1 1 0 0 0 0 0 0 0 0 0 0 16 16 1 3 3 3 3 4 4 3 3 3 3 3 3
3 3 3 3 3 3 1 1 1 1 1 1 1 1 1 1 1 1 1 1 1 1 1 1 1 1 1 1 1 1 1 1 1 1 1 1 1 1 1 1 1 1 1 1 1 1 1 1 1 1 1 1 1 1 1 1 1 1 1 1 1 1 1 1 1 0 0 0 0 0 0 0 0 0 0 16 16 1 3 3 3 3 4 4 3 3 3 3 3 3
3 3 3 3 3 3 3 3 3 3 3 3 3 3 3 3 3 3 3 3 3 3 3 3 3 3 3 3 3 3 3 3 3 3 3 3 3 3 3 3 3 3 3 3 3 3 3 3 3 3 3 3 3 3 3 3 3 3 3 3 3 1 1 1 1 0 0 0 0 0 0 0 0 0 0 16 16 1 3 3 3 3 4 4 3 3 3 3 3 3
3 3 3 3 3 3 3 3 3 3 3 3 3 3 3 3 3 3 3 3 3 3 3 3 3 3 3 3 3 3 3 3 3 3 3 3 3 3 3 3 3 3 3 3 3 3 3 3 3 3 3 3 3 3 3 3 3 3 3 3 3 1 1 1 1 0 0 0 0 0 0 0 0 0 0 16 16 1 3 3 3 3 4 4 3 3 3 3 3 3
3 3 3 3 3 3 3 3 3 3 3 3 3 3 3 3 3 3 3 3 3 3 3 3 3 3 3 3 3 3 3 3 3 3 3 3 3 3 3 3 3 3 3 3 3 3 3 3 3 3 3 3 3 3 3 3 3 3 3 3 3 1 1 1 1 0 0 0 0 0 0 0 0 0 0 16 16 1 3 3 3 3 4 4 3 3 3 3 3 3
3 3 3 3 3 3 3 3 3 3 3 3 3 3 3 3 3 3 3 3 3 3 3 3 3 3 3 3 3 3 3 3 3 3 3 3 3 3 3 3 3 3 3 3 3 3 3 3 3 3 3 3 3 3 3 3 3 3 3 3 3 1 1 1 1 0 0 0 0 0 0 0 0 0 0 16 16 1 3 3 3 3 4 4 3 3 3 3 3 3
3 3 3 3 3 3 3 3 3 3 3 3 3 3 3 3 3 3 3 3 3 3 3 3 3 3 3 3 3 3 3 3 3 3 3 3 3 3 3 3 3 3 3 3 3 3 3 3 3 3 3 3 3 3 3 3 3 3 3 3 3 1 1 1 1 0 0 0 0 0 0 0 0 0 0 16 16 1 3 3 3 3 3 4 4 3 3 3 3 3